30
200
114
122
63
80
14
90
105
99
248
93
180
94
221
111
79
28
80
69
231
209
230
184
235
24
79
95
188
201
101
35
90
227
49
193
80
101
195
24
14
49
111
188
199
159
22
235
119
175
220
154
50
211
132
144
193
84
193
180
153
133
208
55
46
13
223
38
176
16
131
213
238
206
175
232
161
68
192
132
58
148
129
121
48
177
17
196
15
81
189
55
68
174
13
140
135
40
17
53
160
131
165
82
20
239
168
82
115
206
18
192
237
167
108
34
166
218
120
232
149
104
195
66
107
141
155
155
27
162
73
78
165
239
164
224
162
71
68
176
141
33
219
226
125
155
91
30
134
181
211
122
142
45
50
46
116
205
216
225
62
247
12
140
115
52
168
90
155
83
102
67
199
81
114
108
197
95
134
240
49
124
230
26
103
209
29
17
60
56
102
206
151
171
104
189
14
238
48
21
101
143