50
200
167
356
262
356
54
304
10
209
354
385
168
274
103
60
76
72
242
316
198
131
318
27
178
296
303
299
94
363
72
182
240
393
185
241
133
92
310
236
334
210
379
165
23
140
255
18
300
192
182
162
186
18
341
116
17
258
122
386
51
125
128
103
162
193
190
56
243
282
114
160
148
195
200
12
202
390
126
374
324
108
61
113
178
195
147
263
142
286
28
89
297
335
220
27
163
127
42
147
72
337
319
121
21
103
292
272
88
26
120
168
358
11
387
60
162
161
378
92
279
99
258
21
304
296
306
364
207
398
346
205
40
338
146
356
294
33
371
86
287
121
94
246
399
296
199
398
297
167
355
273
349
394
297
121
66
57
164
336
261
308
50
258
41
360
379
25
62
343
250
390
15
66
379
147
269
210
107
48
44
55
198
245
273
86
87
209
306
154
201
289
299
122
367
82
108
74
164
376
129
356