50
1000
551
892
720
668
741
877
81
606
382
865
681
136
560
961
33
48
473
725
579
757
311
556
330
907
92
19
544
258
150
689
844
376
822
817
1000
285
40
252
387
438
169
233
10
855
835
630
701
756
435
557
489
128
692
979
325
396
431
409
830
497
24
112
33
891
606
488
46
835
820
368
647
248
126
199
917
573
583
550
973
51
410
339
347
781
143
40
167
729
100
555
67
915
323
980
966
846
122
954
166
946
44
905
556
840
427
133
659
685
777
531
394
583
169
128
868
760
306
844
976
229
904
2
614
225
298
265
543
338
788
808
262
545
689
619
641
621
461
535
504
435
753
462
41
690
612
832
342
43
206
206
782
42
852
577
475
290
296
453
571
619
408
151
505
118
367
990
332
983
866
869
221
497
3
346
278
861
92
624
355
100
932
566
883
851
512
866
539
1
703
930
948
181
358
16
171
609
234
102
604
511
947
344
778
243
908
577
974
846
947
846
611
6
542
421
557
357
452
257
562
474
618
518
985
110
600
377
787
754
345
658
120
492
338
44
911
275
586
90
234
890
169
820
888
926
930
893
446
628
996
55
980
118
44
440
58
688
746
427
458
891
593
643
738
872
287
328
410
403
757
65
711
880
703
307
414
699
6
977
232
734
905
673
251
231
777
104
141
957
550
102
332
400
319
808
822
814
850
426
217
178
527
919
412
219
399
458
607
263
361
433
739
892
879
544
947
374
982
920
827
995
23
906
136
493
289
514
89
189
75
386
267
236
5
617
133
262
742
74
109
175
278
376
808
322
755
963
785
413
727
820
526
218
73
894
969
991
373
143
768
601
237
449
881
663
742
26
909
392
119
74
855
892
364
648
622
378
826
436
760
328
389
872
944
505
856
76
57
65
80
265
222
810
128
976
687
20
630
49
648
359
801
237
765
86
407
565
426
466
260
880
281
186
39
698
229
566
232
298
130
930
462
668
128
556
347
554
21
299
958
599
837
404
925
874
42
196
137
495
357
764
713
702
311
844
443
845
305
129
757
534
187
442
848
32
756
453
90
570
571
50
211
278
697
149
16
456
121
539
769
40
704
295
56
116
837
253
602
379
226
69
553
998
443
104
206
632
348
764
316
866
400
573
878
49
987
356
388
384
856
482
234
799
756
166
3
190
624
920
277
917
388
435
67
832
339
136
489
692
278
864
434
651
802
859
205
332
107
625
929
165
264
585
92
519
391
757
257
38
349
303
789
225
428
422
551
522
17
722
794
558
519
344
534
817
565
431
470
101
162
438
135
145
775
292
567
316
202
159
948
275
841
838
693
805
918
345
99
225
885
543
984
707
720
500
538
224
85
327
795
444
26
942
520
782
779
469
230
609
378
993
965
929
781
421
686
255
831
955
660
556
537
432
372
324
471
823
723
821
307
625
23
874
753
718
753
689
687
918
1
843
547
59
996
446
853
427
794
468
419
828
596
52
807
873
779
74
450
602
585
382
178
447
355
790
127
547
916
49
13
5
438
844
559
970
660
239
596
675
146
86
922
996
782
476
492
560
829
445
884
832
222
784
500
184
586
588
919
758
182
54
596
815
430
319
364
263
463
535
49
570
206
709
645
19
854
900
750
104
778
325
346
841
239
618
179
749
506
283
877
190
468
869
597
56
742
609
982
570
710
401
875
37
190
334
640
758
316
192
598
419
915
444
318
842
979
218
881
98
681
217
299
471
135
718
423
66
688
293
822
537
352
426
891
418
261
974
575
812
785
754
466
805
228
427
652
170
180
567
661
408
264
818
840
549
202
281
73
843
757
819
779
559
25
372
544
243
677
257
344
521
640
322
83
367
226
137
467
710
246
766
205
113
522
123
47
624
328
670
379
997
636
867
48
13
398
733
399
16
557
292
437
474
165
930
430
901
629
850
776
375
606
580
414
117
121
78
249
253
235
479
54
713
283
982
7
475
826
353
708
481
138
877
832
670
384
407
719
54
494
718
362
388
647
19
618
42
64
977
319
318
1
414
581
9
448
36
51
105
959
126
530
551
667
308
215
961
705
698
563
154
464
450
971
610
752
382
521
119
826
889
13
344
745
249
988
273
990
191
821
541
72
446
841
71
594
270
4
664
594
565
798
693
157
831
786
512
718
173
208
678
791
287
143
434
395
917
971
474
436
964
132
36
774
846
72
173
663
322
906
247
715
609
748
518
538
422
393
531
900
903
914
439
958
606
457
941
153
515
622
604
435
302
96
81
202
526
933
463
958
48
805
797
907
143
777
774
176
973
269
540