50
500
684
216
84
235
424
701
385
354
747
969
442
981
43
163
490
431
731
632
550
135
412
152
233
545
407
563
174
582
940
681
83
117
492
426
32
754
410
928
711
16
134
465
750
903
312
405
262
140
464
201
98
571
68
862
845
663
425
908
261
223
739
346
920
602
268
868
894
306
790
159
912
844
990
967
484
726
367
762
167
168
588
535
856
359
611
903
950
862
569
353
504
93
108
934
982
73
51
627
580
455
180
909
47
261
886
290
918
63
24
990
840
395
941
669
590
644
362
306
444
39
514
707
330
933
432
982
766
256
236
548
843
817
948
29
410
436
993
201
565
960
197
821
132
192
619
608
490
879
950
360
356
886
739
890
138
788
533
832
118
560
148
305
105
274
182
853
556
817
243
69
978
773
920
796
475
415
767
336
260
985
562
287
260
592
426
791
940
489
129
29
796
971
794
94
234
279
216
571
283
404
812
254
575
652
204
275
429
228
635
155
716
826
265
873
385
140
921
258
587
741
39
769
447
892
387
996
934
254
861
784
554
632
366
634
563
629
973
282
640
498
231
801
243
38
213
794
60
29
155
98
139
234
985
975
592
345
609
397
301
37
289
10
343
82
948
313
801
275
567
137
490
469
990
650
432
799
476
385
825
847
707
118
695
271
696
290
582
460
127
648
639
715
879
321
40
333
686
16
315
940
140
984
847
229
629
376
510
70
646
57
617
906
844
403
268
537
831
857
662
309
525
226
210
488
495
476
158
338
313
783
580
263
348
501
965
535
61
29
384
194
52
45
902
385
462
194
151
119
842
974
808
712
358
913
559
120
445
268
946
684
538
556
821
260
108
103
139
344
43
339
112
320
17
319
242
628
189
800
320
916
167
177
574
546
137
689
55
132
707
428
525
215
755
876
179
972
837
789
710
301
451
438
208
118
496
689
153
895
180
23
115
607
90
239
315
414
196
121
423
211
983
366
793
283
444
522
484
882
712
67
505
287
343
507
867
537
889
898
778
65
509
983
969
359
967
782
477
705
840
558
91
588
302
734
53
441
682
81
633
694
804
949
350
823
646
587
459
737
664
196
124
243
606
35
665
208
539
811
801
316
462
68
559
675
968
574
43
101
898
216
616
96
10
136
697
33
970
334
145
611