50
300
306
371
369
484
57
145
411
53
438
333
225
199
380
198
339
161
157
109
490
350
422
243
355
166
182
390
64
167
300
261
449
188
147
224
448
188
342
23
478
290
458
206
481
282
457
459
491
50
382
454
474
299
135
144
213
319
415
72
16
233
392
245
204
375
343
377
189
267
68
499
375
256
242
429
395
80
201
129
204
173
46
230
269
360
237
167
92
70
495
420
442
251
17
252
96
87
465
354
82
413
209
351
138
389
140
354
440
210
237
106
496
251
51
342
348
403
234
246
347
284
252
250
346
316
84
236
186
129
342
275
251
72
55
460
461
155
332
219
286
422
253
34
224
204
425
113
165
390
299
49
335
237
492
311
315
158
435
388
48
358
396
192
366
290
317
38
486
246
343
500
314
270
432
462
130
387
279
162
63
328
417
302
254
268
29
155
281
164
374
227
324
164
240
69
330
140
237
446
143
198
236
217
252
204
341
350
46
463
188
117
177
466
442
104
413
68
365
37
194
462
298
434
365
315
342
239
212
138
376
71
314
183
235
74
195
471
177
461
455
416
54
420
317
55
25
183
391
500
312
219
141
131
185
54
392
22
252
51
401
307
422
199
481
135
123
428
445
260
494
236
356
314
176
407
422
340
72
209
195
342
412
51
149
462
301
211
454
240
152
390
300
410
332
490
77
89
188
478
370
29